1
1000
1
0.99998
0.999921
0.999822
0.999684
0.999507
0.99929
0.999033
0.998737
0.998402
0.998027
0.997613
0.997159
0.996666
0.996134
0.995562
0.994951
0.994301
0.993612
0.992883
0.992115
0.991308
0.990462
0.989577
0.988652
0.987689
0.986687
0.985645
0.984565
0.983446
0.982288
0.981092
0.979856
0.978582
0.977269
0.975918
0.974528
0.9731
0.971633
0.970128
0.968585
0.967003
0.965384
0.963726
0.96203
0.960296
0.958524
0.956715
0.954867
0.952982
0.951059
0.949099
0.947101
0.945066
0.942994
0.940884
0.938737
0.936554
0.934333
0.932075
0.929781
0.927449
0.925082
0.922677
0.920236
0.917759
0.915246
0.912697
0.910111
0.90749
0.904833
0.90214
0.899411
0.896647
0.893848
0.891013
0.888143
0.885238
0.882298
0.879323
0.876314
0.87327
0.870191
0.867078
0.863931
0.86075
0.857535
0.854286
0.851003
0.847687
0.844337
0.840954
0.837537
0.834088
0.830606
0.82709
0.823543
0.819962
0.81635
0.812705
0.809028
0.805319
0.801578
0.797806
0.794002
0.790167
0.786301
0.782403
0.778475
0.774516
0.770526
0.766506
0.762456
0.758376
0.754265
0.750125
0.745955
0.741756
0.737528
0.73327
0.728984
0.724669
0.720325
0.715952
0.711552
0.707123
0.702667
0.698182
0.69367
0.689131
0.684565
0.679971
0.675351
0.670704
0.66603
0.661331
0.656605
0.651853
0.647075
0.642272
0.637444
0.63259
0.627712
0.622809
0.617881
0.612928
0.607952
0.602951
0.597927
0.592879
0.587808
0.582713
0.577596
0.572455
0.567292
0.562107
0.5569
0.55167
0.546419
0.541146
0.535852
0.530536
0.5252
0.519843
0.514466
0.509068
0.50365
0.498212
0.492754
0.487277
0.481781
0.476266
0.470732
0.465179
0.459608
0.454019
0.448412
0.442788
0.437145
0.431486
0.425809
0.420116
0.414406
0.40868
0.402938
0.397179
0.391405
0.385616
0.379811
0.373992
0.368157
0.362308
0.356445
0.350568
0.344677
0.338772
0.332854
0.326923
0.320978
0.315022
0.309052
0.303071
0.297077
0.291072
0.285055
0.279028
0.272989
0.266939
0.260879
0.254808
0.248728
0.242637
0.236537
0.230428
0.224309
0.218182
0.212046
0.205902
0.19975
0.193589
0.187421
0.181246
0.175064
0.168874
0.162678
0.156476
0.150267
0.144052
0.137832
0.131606
0.125376
0.11914
0.112899
0.106654
0.100405
0.0941517
0.0878948
0.0816344
0.0753708
0.0691042
0.0628349
0.0565631
0.0502891
0.0440131
0.0377354
0.0314561
0.0251757
0.0188942
0.012612
0.00632928
4.63268e-05
-0.00623663
-0.0125193
-0.0188016
-0.025083
-0.0313635
-0.0376428
-0.0439205
-0.0501966
-0.0564706
-0.0627424
-0.0690118
-0.0752784
-0.081542
-0.0878025
-0.0940594
-0.100313
-0.106562
-0.112807
-0.119048
-0.125284
-0.131515
-0.13774
-0.143961
-0.150175
-0.156384
-0.162587
-0.168783
-0.174972
-0.181155
-0.18733
-0.193498
-0.199659
-0.205811
-0.211956
-0.218092
-0.224219
-0.230338
-0.236447
-0.242547
-0.248638
-0.254719
-0.260789
-0.26685
-0.2729
-0.278939
-0.284967
-0.290984
-0.296989
-0.302982
-0.308964
-0.314934
-0.320891
-0.326835
-0.332766
-0.338685
-0.34459
-0.350481
-0.356359
-0.362222
-0.368071
-0.373906
-0.379726
-0.38553
-0.39132
-0.397094
-0.402853
-0.408595
-0.414322
-0.420032
-0.425726
-0.431402
-0.437062
-0.442705
-0.44833
-0.453937
-0.459526
-0.465097
-0.47065
-0.476185
-0.4817
-0.487197
-0.492674
-0.498132
-0.50357
-0.508988
-0.514386
-0.519764
-0.525121
-0.530458
-0.535774
-0.541068
-0.546341
-0.551593
-0.556823
-0.562031
-0.567216
-0.572379
-0.57752
-0.582638
-0.587733
-0.592804
-0.597853
-0.602877
-0.607878
-0.612855
-0.617808
-0.622736
-0.62764
-0.632519
-0.637373
-0.642201
-0.647005
-0.651783
-0.656535
-0.661261
-0.665961
-0.670635
-0.675283
-0.679903
-0.684497
-0.689064
-0.693604
-0.698116
-0.702601
-0.707058
-0.711487
-0.715888
-0.72026
-0.724605
-0.72892
-0.733207
-0.737465
-0.741694
-0.745894
-0.750064
-0.754204
-0.758315
-0.762396
-0.766447
-0.770467
-0.774457
-0.778417
-0.782345
-0.786243
-0.79011
-0.793946
-0.79775
-0.801523
-0.805264
-0.808973
-0.812651
-0.816296
-0.819909
-0.82349
-0.827038
-0.830554
-0.834037
-0.837487
-0.840904
-0.844287
-0.847638
-0.850954
-0.854238
-0.857487
-0.860703
-0.863885
-0.867032
-0.870146
-0.873225
-0.876269
-0.879279
-0.882254
-0.885195
-0.8881
-0.890971
-0.893806
-0.896606
-0.899371
-0.9021
-0.904793
-0.907451
-0.910073
-0.912659
-0.915209
-0.917723
-0.9202
-0.922642
-0.925046
-0.927415
-0.929746
-0.932042
-0.9343
-0.936521
-0.938705
-0.940853
-0.942963
-0.945036
-0.947072
-0.94907
-0.951031
-0.952954
-0.95484
-0.956688
-0.958498
-0.96027
-0.962005
-0.963701
-0.965359
-0.96698
-0.968562
-0.970106
-0.971611
-0.973079
-0.974508
-0.975898
-0.97725
-0.978563
-0.979838
-0.981074
-0.982271
-0.983429
-0.984549
-0.98563
-0.986672
-0.987675
-0.988638
-0.989563
-0.990449
-0.991296
-0.992104
-0.992872
-0.993601
-0.994291
-0.994942
-0.995554
-0.996126
-0.996659
-0.997152
-0.997606
-0.998021
-0.998396
-0.998732
-0.999029
-0.999286
-0.999504
-0.999682
-0.999821
-0.99992
-0.99998
-1
-0.999981
-0.999922
-0.999824
-0.999687
-0.999509
-0.999293
-0.999037
-0.998742
-0.998407
-0.998033
-0.997619
-0.997166
-0.996674
-0.996142
-0.995571
-0.994961
-0.994311
-0.993622
-0.992894
-0.992127
-0.99132
-0.990475
-0.98959
-0.988666
-0.987704
-0.986702
-0.985661
-0.984581
-0.983463
-0.982306
-0.98111
-0.979875
-0.978601
-0.977289
-0.975938
-0.974549
-0.973121
-0.971655
-0.970151
-0.968608
-0.967027
-0.965408
-0.963751
-0.962055
-0.960322
-0.958551
-0.956742
-0.954895
-0.95301
-0.951088
-0.949128
-0.947131
-0.945097
-0.943025
-0.940916
-0.938769
-0.936586
-0.934366
-0.932109
-0.929815
-0.927484
-0.925117
-0.922713
-0.920273
-0.917796
-0.915283
-0.912735
-0.91015
-0.907529
-0.904872
-0.90218
-0.899452
-0.896688
-0.893889
-0.891055
-0.888185
-0.885281
-0.882342
-0.879367
-0.876358
-0.873315
-0.870237
-0.867125
-0.863978
-0.860797
-0.857583
-0.854334
-0.851052
-0.847736
-0.844387
-0.841004
-0.837588
-0.834139
-0.830657
-0.827143
-0.823595
-0.820015
-0.816403
-0.812759
-0.809082
-0.805374
-0.801634
-0.797862
-0.794058
-0.790224
-0.786358
-0.782461
-0.778533
-0.774574
-0.770585
-0.766566
-0.762516
-0.758436
-0.754326
-0.750186
-0.746017
-0.741818
-0.73759
-0.733333
-0.729047
-0.724732
-0.720389
-0.716017
-0.711617
-0.707189
-0.702733
-0.698249
-0.693737
-0.689198
-0.684632
-0.680039
-0.675419
-0.670773
-0.666099
-0.6614
-0.656675
-0.651923
-0.647146
-0.642343
-0.637515
-0.632662
-0.627784
-0.622881
-0.617953
-0.613001
-0.608025
-0.603025
-0.598001
-0.592954
-0.587883
-0.582789
-0.577671
-0.572531
-0.567369
-0.562184
-0.556977
-0.551747
-0.546496
-0.541224
-0.53593
-0.530615
-0.525279
-0.519922
-0.514545
-0.509147
-0.50373
-0.498292
-0.492835
-0.487358
-0.481862
-0.476348
-0.470814
-0.465261
-0.459691
-0.454102
-0.448495
-0.442871
-0.437229
-0.43157
-0.425893
-0.4202
-0.414491
-0.408765
-0.403022
-0.397264
-0.391491
-0.385701
-0.379897
-0.374078
-0.368243
-0.362395
-0.356532
-0.350655
-0.344764
-0.338859
-0.332941
-0.32701
-0.321066
-0.315109
-0.30914
-0.303159
-0.297166
-0.291161
-0.285144
-0.279117
-0.273078
-0.267028
-0.260968
-0.254898
-0.248817
-0.242727
-0.236627
-0.230518
-0.2244
-0.218273
-0.212137
-0.205993
-0.19984
-0.19368
-0.187512
-0.181337
-0.175155
-0.168965
-0.16277
-0.156567
-0.150359
-0.144144
-0.137924
-0.131698
-0.125467
-0.119232
-0.112991
-0.106746
-0.100497
-0.0942439
-0.0879871
-0.0817267
-0.0754632
-0.0691966
-0.0629274
-0.0566556
-0.0503816
-0.0441057
-0.037828
-0.0315487
-0.0252683
-0.0189868
-0.0127046
-0.00642194
-0.00013898
0.00614398
0.0124267
0.0187089
0.0249904
0.0312709
0.0375502
0.043828
0.050104
0.0563781
0.06265
0.0689193
0.075186
0.0814497
0.0877102
0.0939672
0.10022
0.10647
0.112715
0.118956
0.125192
0.131423
0.137649
0.143869
0.150084
0.156293
0.162495
0.168692
0.174881
0.181064
0.187239
0.193407
0.199568
0.205721
0.211865
0.218001
0.224129
0.230248
0.236357
0.242457
0.248548
0.254629
0.2607
0.26676
0.27281
0.27885
0.284878
0.290895
0.2969
0.302894
0.308876
0.314846
0.320803
0.326747
0.332679
0.338598
0.344503
0.350394
0.356272
0.362136
0.367985
0.37382
0.37964
0.385445
0.391235
0.397009
0.402768
0.408511
0.414238
0.419948
0.425642
0.431319
0.436979
0.442621
0.448247
0.453854
0.459444
0.465015
0.470569
0.476103
0.481619
0.487116
0.492593
0.498051
0.50349
0.508908
0.514307
0.519685
0.525042
0.530379
0.535695
0.54099
0.546264
0.551516
0.556746
0.561954
0.56714
0.572303
0.577444
0.582563
0.587658
0.59273
0.597778
0.602803
0.607805
0.612782
0.617735
0.622664
0.627568
0.632447
0.637301
0.64213
0.646934
0.651712
0.656465
0.661192
0.665892
0.670566
0.675214
0.679835
0.68443
0.688997
0.693537
0.69805
0.702535
0.706992
0.711422
0.715823
0.720196
0.724541
0.728857
0.733144
0.737403
0.741632
0.745832
0.750003
0.754144
0.758255
0.762336
0.766387
0.770408
0.774399
0.778359
0.782288
0.786186
0.790053
0.793889
0.797694
0.801467
0.805209
0.808919
0.812597
0.816243
0.819856
0.823438
0.826986
0.830502
0.833986
0.837436
0.840853
0.844238
0.847588
0.850906
0.854189
0.85744
0.860656
0.863838
0.866986
0.8701
0.873179
0.876225
0.879235
0.882211
0.885152
0.888058
0.890929
0.893764
0.896565
0.89933
0.90206
0.904754
0.907412
0.910034
0.912621
0.915171
0.917686
0.920164
0.922606
0.925011
0.92738
0.929712
0.932008
0.934267
0.936489
0.938674
0.940821
0.942932
0.945006
0.947042
0.949041
0.951002
0.952926
0.954812
0.956661
0.958471
0.960244
0.961979
0.963676
0.965335
0.966956
0.968539
0.970083
0.97159
0.973057
0.974487
0.975878
0.97723
0.978544
0.979819
0.981056
0.982254
0.983413
0.984533
0.985614
0.986657
0.98766
0.988625
0.98955
0.990436
0.991284
0.992092
0.992861
0.993591
0.994281
0.994933
0.995545
0.996118
0.996651
0.997145
0.9976
0.998015
0.998391
0.998728
0.999025
0.999283
0.999501
0.99968
0.999819
0.999919
0.999979

