1
1000
0
0.00628296
0.0125657
0.0188479
0.0251294
0.0314098
0.0376891
0.0439668
0.0502428
0.0565169
0.0627887
0.069058
0.0753246
0.0815882
0.0878486
0.0941055
0.100359
0.106608
0.112853
0.119094
0.12533
0.131561
0.137786
0.144007
0.150221
0.15643
0.162632
0.168829
0.175018
0.1812
0.187376
0.193544
0.199704
0.205857
0.212001
0.218137
0.224264
0.230383
0.236492
0.242592
0.248683
0.254763
0.260834
0.266894
0.272944
0.278983
0.285011
0.291028
0.297033
0.303027
0.309008
0.314978
0.320934
0.326879
0.33281
0.338728
0.344633
0.350524
0.356402
0.362265
0.368114
0.373949
0.379768
0.385573
0.391363
0.397137
0.402895
0.408638
0.414364
0.420074
0.425768
0.431444
0.437104
0.442746
0.448371
0.453978
0.459567
0.465138
0.470691
0.476225
0.481741
0.487237
0.492714
0.498172
0.50361
0.509028
0.514426
0.519804
0.525161
0.530497
0.535813
0.541107
0.54638
0.551631
0.556861
0.562069
0.567254
0.572417
0.577558
0.582676
0.58777
0.592842
0.59789
0.602914
0.607915
0.612892
0.617844
0.622772
0.627676
0.632555
0.637408
0.642237
0.64704
0.651818
0.65657
0.661296
0.665996
0.670669
0.675317
0.679937
0.684531
0.689098
0.693637
0.698149
0.702634
0.70709
0.711519
0.71592
0.720293
0.724637
0.728952
0.733239
0.737497
0.741725
0.745925
0.750095
0.754235
0.758345
0.762426
0.766476
0.770497
0.774487
0.778446
0.782374
0.786272
0.790139
0.793974
0.797778
0.801551
0.805292
0.809001
0.812678
0.816323
0.819936
0.823516
0.827064
0.83058
0.834062
0.837512
0.840929
0.844312
0.847662
0.850979
0.854262
0.857511
0.860726
0.863908
0.867055
0.870168
0.873247
0.876292
0.879301
0.882276
0.885216
0.888122
0.890992
0.893827
0.896627
0.899391
0.90212
0.904813
0.90747
0.910092
0.912678
0.915227
0.917741
0.920218
0.922659
0.925064
0.927432
0.929764
0.932058
0.934316
0.936537
0.938721
0.940869
0.942978
0.945051
0.947087
0.949085
0.951045
0.952968
0.954853
0.956701
0.958511
0.960283
0.962017
0.963713
0.965372
0.966992
0.968573
0.970117
0.971622
0.973089
0.974518
0.975908
0.97726
0.978573
0.979847
0.981083
0.98228
0.983438
0.984557
0.985638
0.986679
0.987682
0.988645
0.98957
0.990456
0.991302
0.992109
0.992878
0.993606
0.994296
0.994947
0.995558
0.99613
0.996662
0.997156
0.997609
0.998024
0.998399
0.998735
0.999031
0.999288
0.999505
0.999683
0.999821
0.99992
0.99998
1
0.999981
0.999922
0.999823
0.999685
0.999508
0.999291
0.999035
0.998739
0.998404
0.99803
0.997616
0.997163
0.99667
0.996138
0.995567
0.994956
0.994306
0.993617
0.992889
0.992121
0.991314
0.990468
0.989583
0.988659
0.987696
0.986694
0.985653
0.984573
0.983455
0.982297
0.981101
0.979865
0.978592
0.977279
0.975928
0.974539
0.973111
0.971644
0.97014
0.968597
0.967015
0.965396
0.963738
0.962043
0.960309
0.958537
0.956728
0.954881
0.952996
0.951074
0.949114
0.947116
0.945081
0.943009
0.9409
0.938753
0.93657
0.934349
0.932092
0.929798
0.927467
0.925099
0.922695
0.920255
0.917778
0.915265
0.912716
0.91013
0.907509
0.904852
0.90216
0.899431
0.896668
0.893868
0.891034
0.888164
0.885259
0.88232
0.879345
0.876336
0.873292
0.870214
0.867101
0.863955
0.860774
0.857559
0.85431
0.851027
0.847711
0.844362
0.840979
0.837563
0.834113
0.830631
0.827117
0.823569
0.819989
0.816376
0.812732
0.809055
0.805346
0.801606
0.797834
0.79403
0.790195
0.786329
0.782432
0.778504
0.774545
0.770556
0.766536
0.762486
0.758406
0.754296
0.750156
0.745986
0.741787
0.737559
0.733302
0.729016
0.724701
0.720357
0.715985
0.711584
0.707156
0.7027
0.698215
0.693704
0.689165
0.684598
0.680005
0.675385
0.670738
0.666065
0.661365
0.65664
0.651888
0.647111
0.642308
0.63748
0.632626
0.627748
0.622845
0.617917
0.612965
0.607989
0.602988
0.597964
0.592916
0.587845
0.582751
0.577634
0.572493
0.567331
0.562145
0.556938
0.551709
0.546458
0.541185
0.535891
0.530576
0.52524
0.519883
0.514505
0.509108
0.50369
0.498252
0.492795
0.487318
0.481822
0.476307
0.470773
0.46522
0.45965
0.454061
0.448454
0.442829
0.437187
0.431528
0.425851
0.420158
0.414448
0.408722
0.40298
0.397222
0.391448
0.385659
0.379854
0.374035
0.3682
0.362352
0.356488
0.350611
0.34472
0.338816
0.332897
0.326966
0.321022
0.315065
0.309096
0.303115
0.297122
0.291116
0.2851
0.279072
0.273033
0.266984
0.260923
0.254853
0.248772
0.242682
0.236582
0.230473
0.224355
0.218227
0.212091
0.205947
0.199795
0.193635
0.187467
0.181292
0.175109
0.16892
0.162724
0.156521
0.150313
0.144098
0.137878
0.131652
0.125421
0.119186
0.112945
0.1067
0.100451
0.0941978
0.0879409
0.0816806
0.075417
0.0691504
0.0628811
0.0566094
0.0503354
0.0440594
0.0377817
0.0315024
0.025222
0.0189405
0.0126583
0.00637561
9.26536e-05
-0.00619031
-0.012473
-0.0187552
-0.0250367
-0.0313172
-0.0375965
-0.0438743
-0.0501503
-0.0564244
-0.0626962
-0.0689656
-0.0752322
-0.0814959
-0.0877563
-0.0940133
-0.100267
-0.106516
-0.112761
-0.119002
-0.125238
-0.131469
-0.137694
-0.143915
-0.15013
-0.156338
-0.162541
-0.168737
-0.174927
-0.181109
-0.187285
-0.193453
-0.199613
-0.205766
-0.21191
-0.218046
-0.224174
-0.230293
-0.236402
-0.242502
-0.248593
-0.254674
-0.260745
-0.266805
-0.272855
-0.278894
-0.284922
-0.290939
-0.296945
-0.302938
-0.30892
-0.31489
-0.320847
-0.326791
-0.332723
-0.338641
-0.344546
-0.350438
-0.356315
-0.362179
-0.368028
-0.373863
-0.379683
-0.385488
-0.391277
-0.397052
-0.40281
-0.408553
-0.41428
-0.41999
-0.425684
-0.431361
-0.43702
-0.442663
-0.448288
-0.453896
-0.459485
-0.465056
-0.470609
-0.476144
-0.481659
-0.487156
-0.492633
-0.498091
-0.50353
-0.508948
-0.514346
-0.519724
-0.525082
-0.530419
-0.535734
-0.541029
-0.546302
-0.551554
-0.556784
-0.561992
-0.567178
-0.572341
-0.577482
-0.5826
-0.587695
-0.592767
-0.597816
-0.60284
-0.607841
-0.612818
-0.617771
-0.6227
-0.627604
-0.632483
-0.637337
-0.642166
-0.646969
-0.651748
-0.6565
-0.661226
-0.665927
-0.670601
-0.675248
-0.679869
-0.684463
-0.68903
-0.69357
-0.698083
-0.702568
-0.707025
-0.711454
-0.715855
-0.720228
-0.724573
-0.728889
-0.733176
-0.737434
-0.741663
-0.745863
-0.750033
-0.754174
-0.758285
-0.762366
-0.766417
-0.770438
-0.774428
-0.778388
-0.782317
-0.786215
-0.790082
-0.793918
-0.797722
-0.801495
-0.805237
-0.808946
-0.812624
-0.816269
-0.819883
-0.823464
-0.827012
-0.830528
-0.834011
-0.837461
-0.840878
-0.844262
-0.847613
-0.85093
-0.854214
-0.857463
-0.860679
-0.863861
-0.867009
-0.870123
-0.873202
-0.876247
-0.879257
-0.882233
-0.885173
-0.888079
-0.89095
-0.893785
-0.896585
-0.89935
-0.90208
-0.904773
-0.907431
-0.910054
-0.91264
-0.91519
-0.917704
-0.920182
-0.922624
-0.925029
-0.927397
-0.929729
-0.932025
-0.934283
-0.936505
-0.93869
-0.940837
-0.942948
-0.945021
-0.947057
-0.949055
-0.951016
-0.95294
-0.954826
-0.956674
-0.958485
-0.960257
-0.961992
-0.963689
-0.965347
-0.966968
-0.96855
-0.970095
-0.971601
-0.973068
-0.974497
-0.975888
-0.97724
-0.978554
-0.979828
-0.981065
-0.982262
-0.983421
-0.984541
-0.985622
-0.986664
-0.987667
-0.988632
-0.989557
-0.990443
-0.99129
-0.992098
-0.992866
-0.993596
-0.994286
-0.994937
-0.995549
-0.996122
-0.996655
-0.997149
-0.997603
-0.998018
-0.998394
-0.99873
-0.999027
-0.999284
-0.999502
-0.999681
-0.99982
-0.999919
-0.999979
-1
-0.999981
-0.999923
-0.999825
-0.999688
-0.999511
-0.999295
-0.999039
-0.998744
-0.998409
-0.998036
-0.997622
-0.99717
-0.996677
-0.996146
-0.995575
-0.994965
-0.994316
-0.993627
-0.9929
-0.992133
-0.991326
-0.990481
-0.989597
-0.988673
-0.987711
-0.986709
-0.985669
-0.98459
-0.983471
-0.982314
-0.981119
-0.979884
-0.978611
-0.977299
-0.975948
-0.97456
-0.973132
-0.971666
-0.970162
-0.96862
-0.967039
-0.96542
-0.963763
-0.962068
-0.960335
-0.958564
-0.956755
-0.954908
-0.953024
-0.951102
-0.949143
-0.947146
-0.945112
-0.94304
-0.940931
-0.938785
-0.936602
-0.934382
-0.932125
-0.929832
-0.927501
-0.925134
-0.922731
-0.920291
-0.917815
-0.915302
-0.912753
-0.910169
-0.907548
-0.904892
-0.9022
-0.899472
-0.896709
-0.89391
-0.891076
-0.888207
-0.885303
-0.882363
-0.879389
-0.876381
-0.873337
-0.87026
-0.867148
-0.864001
-0.860821
-0.857606
-0.854358
-0.851076
-0.84776
-0.844411
-0.841029
-0.837613
-0.834165
-0.830683
-0.827169
-0.823622
-0.820042
-0.81643
-0.812786
-0.80911
-0.805401
-0.801661
-0.79789
-0.794087
-0.790252
-0.786386
-0.78249
-0.778562
-0.774604
-0.770615
-0.766595
-0.762546
-0.758466
-0.754356
-0.750217
-0.746048
-0.74185
-0.737622
-0.733365
-0.729079
-0.724764
-0.720421
-0.716049
-0.711649
-0.707221
-0.702765
-0.698282
-0.69377
-0.689232
-0.684666
-0.680073
-0.675453
-0.670807
-0.666134
-0.661435
-0.65671
-0.651958
-0.647181
-0.642379
-0.637551
-0.632698
-0.62782
-0.622917
-0.61799
-0.613038
-0.608062
-0.603062
-0.598038
-0.592991
-0.58792
-0.582826
-0.577709
-0.572569
-0.567407
-0.562222
-0.557015
-0.551786
-0.546535
-0.541263
-0.535969
-0.530654
-0.525318
-0.519962
-0.514585
-0.509187
-0.50377
-0.498332
-0.492875
-0.487399
-0.481903
-0.476388
-0.470855
-0.465302
-0.459732
-0.454143
-0.448537
-0.442912
-0.43727
-0.431611
-0.425935
-0.420242
-0.414533
-0.408807
-0.403065
-0.397307
-0.391533
-0.385744
-0.37994
-0.374121
-0.368287
-0.362438
-0.356575
-0.350698
-0.344807
-0.338903
-0.332985
-0.327054
-0.32111
-0.315153
-0.309184
-0.303203
-0.29721
-0.291205
-0.285189
-0.279161
-0.273122
-0.267073
-0.261013
-0.254943
-0.248862
-0.242772
-0.236672
-0.230563
-0.224445
-0.218318
-0.212182
-0.206038
-0.199886
-0.193726
-0.187558
-0.181383
-0.1752
-0.169011
-0.162815
-0.156613
-0.150404
-0.14419
-0.13797
-0.131744
-0.125513
-0.119278
-0.113037
-0.106792
-0.100543
-0.09429
-0.0880332
-0.0817729
-0.0755094
-0.0692429
-0.0629736
-0.0567019
-0.0504279
-0.0441519
-0.0378742
-0.031595
-0.0253146
-0.0190332
-0.012751
-0.00646826
